start vertex: 0
end vertex: 5
Intermediate matrices:
k = 0
[-1, 0, 0, -1, 0, -1]
[-1, -1, 1, 1, -1, 1]
[-1, -1, -1, 2, 2, 2]
[-1, -1, -1, -1, -1, -1]
[-1, -1, -1, -1, -1, 4]
[-1, -1, -1, -1, -1, -1]
k = 1
[-1, 0, 1, 1, 0, 1]
[-1, -1, 1, 1, -1, 1]
[-1, -1, -1, 2, 2, 2]
[-1, -1, -1, -1, -1, -1]
[-1, -1, -1, -1, -1, 4]
[-1, -1, -1, -1, -1, -1]
k = 2
[-1, 0, 1, 2, 0, 1]
[-1, -1, 1, 2, 2, 1]
[-1, -1, -1, 2, 2, 2]
[-1, -1, -1, -1, -1, -1]
[-1, -1, -1, -1, -1, 4]
[-1, -1, -1, -1, -1, -1]
k = 3
[-1, 0, 1, 2, 0, 1]
[-1, -1, 1, 2, 2, 1]
[-1, -1, -1, 2, 2, 2]
[-1, -1, -1, -1, -1, -1]
[-1, -1, -1, -1, -1, 4]
[-1, -1, -1, -1, -1, -1]
k = 4
[-1, 0, 1, 2, 0, 1]
[-1, -1, 1, 2, 2, 1]
[-1, -1, -1, 2, 2, 2]
[-1, -1, -1, -1, -1, -1]
[-1, -1, -1, -1, -1, 4]
[-1, -1, -1, -1, -1, -1]
k = 5
[-1, 0, 1, 2, 0, 1]
[-1, -1, 1, 2, 2, 1]
[-1, -1, -1, 2, 2, 2]
[-1, -1, -1, -1, -1, -1]
[-1, -1, -1, -1, -1, 4]
[-1, -1, -1, -1, -1, -1]
The minimum cost walk is 3 and the path is [0, 1, 5]